0 0.7866415251667678 0.1640909090909091 0.27228623408126135 0.3281818181818182
0 0.8021054426925409 0.8827272727272727 0.28259551243177683 0.23454545454545458
0 0.5346706337174045 0.889090909090909 0.23529411764705882 0.2218181818181819
0 0.2505590509399636 0.8681818181818183 0.33535476046088536 0.2636363636363636
3 0.11896414493632504 0.6172727272727272 0.04548211036992116 0.11636363636363625
0 0.054479040327471195 0.5231818181818181 0.10895808065494239 0.3736363636363636
0 0.1953740903577926 0.19363636363636363 0.30988477865372954 0.38727272727272727
1 0.22506738544474394 0.3333333333333333 0.1778975741239892 0.18585858585858583
6 0.12466307277628032 0.3373737373737374 0.05256064690026954 0.08484848484848484
6 0.8537735849056604 0.30404040404040406 0.06064690026954178 0.0707070707070707
2 0.47102425876010784 0.33232323232323235 0.11725067385444744 0.18383838383838383
2 0.5923180592991913 0.32828282828282834 0.08221024258760108 0.16363636363636364
2 0.6960916442048517 0.5878787878787879 0.18194070080862534 0.23838383838383836
3 0.6347708894878706 0.7444444444444444 0.07277628032345014 0.07070707070707065
3 0.8524258760107817 0.6373737373737374 0.07951482479784366 0.054545454545454564
0 0.9123989218328841 0.49090909090909085 0.1752021563342318 0.4888888888888889
1 0.8692722371967655 0.4595959595959596 0.13746630727762804 0.2727272727272727
4 0.7338274932614556 0.3898989898989899 0.12533692722371967 0.12525252525252528
5 0.21024258760107817 0.4747474747474748 0.07547169811320754 0.020202020202020162
5 0.40970350404312667 0.42828282828282827 0.06199460916442048 0.08888888888888885
5 0.7014824797843666 0.604040404040404 0.04177897574123989 0.0848484848484849
0 0.48247978436657685 0.23535353535353534 0.2587601078167116 0.4707070707070707
3 0.7014824797843666 0.8121212121212121 0.07681940700808626 0.10909090909090902
2 0.07951482479784366 0.4131313131313131 0.1078167115902965 0.17575757575757575
1 0.511455525606469 0.7313131313131314 0.16846361185983827 0.31515151515151524
4 0.261455525606469 0.7717171717171717 0.1320754716981132 0.10505050505050499
3 0.7371967654986523 0.27070707070707073 0.0673854447439353 0.07676767676767673
3 0.1347708894878706 0.8696969696969696 0.07277628032345014 0.054545454545454564
2 0.14150943396226415 0.8747474747474748 0.11859838274932614 0.20606060606060608