0 0.6657681940700808 0.26214028776978415 0.21293800539083557 0.39298561151079137
0 0.7560646900269542 0.5202338129496403 0.2830188679245283 0.21852517985611514
0 0.284366576819407 0.735611510791367 0.3665768194070081 0.29676258992805754
0 0.7931266846361186 0.9006294964028777 0.3086253369272237 0.19874100719424456
0 0.9474393530997305 0.8462230215827339 0.10512129380053908 0.28417266187050355
0 0.05592991913746631 0.34577338129496404 0.11185983827493262 0.3803956834532374
2 0.6064690026954178 0.7927158273381295 0.16172506738544473 0.06924460431654675
2 0.931266846361186 0.7045863309352519 0.12668463611859837 0.05665467625899285
6 0.8456873315363881 0.6789568345323741 0.05256064690026954 0.04676258992805764
1 0.8012129380053908 0.72931654676259 0.1954177897574124 0.15647482014388492
3 0.5451482479784366 0.5350719424460433 0.06873315363881402 0.021582733812949617